[gd_scene format=3 uid="uid://df1y2m21xniwi"]

[ext_resource type="PackedScene" uid="uid://crfvv1h28b5as" path="res://assets/models/interior/systems_room/stepladder.glb" id="1_aytlt"]
[ext_resource type="PackedScene" uid="uid://ccp478peo5m85" path="res://scenes/station/items/aircompressor.tscn" id="2_takbt"]
[ext_resource type="PackedScene" uid="uid://bofl1r32tafur" path="res://scenes/station/items/server.tscn" id="3_12oxw"]
[ext_resource type="PackedScene" uid="uid://8vcajaaad64" path="res://scenes/station/interior/rack.tscn" id="4_g42ju"]
[ext_resource type="PackedScene" uid="uid://b18qdk7b4q77l" path="res://scenes/station/interior/desk.tscn" id="5_bdlqg"]
[ext_resource type="PackedScene" uid="uid://b21bahphpnv3o" path="res://scenes/station/items/computer.tscn" id="6_o6tya"]
[ext_resource type="PackedScene" uid="uid://qs8sh7iux1qk" path="res://scenes/station/interior/chair.tscn" id="7_e14r2"]
[ext_resource type="PackedScene" uid="uid://dyy2h0h5k8326" path="res://scenes/station/interior/powerbox.tscn" id="8_8fstu"]
[ext_resource type="PackedScene" uid="uid://3qcq4vmexl3s" path="res://scenes/station/items/fire_extinguisher.tscn" id="9_jhh3n"]
[ext_resource type="PackedScene" uid="uid://cgxqyjadq4yia" path="res://assets/models/items/hivis.glb" id="10_4aqui"]
[ext_resource type="PackedScene" uid="uid://dgspcoh2s3xoc" path="res://assets/models/items/arc_reactor_-_tony_stark_-_low_poly.glb" id="11_f2eb2"]
[ext_resource type="PackedScene" uid="uid://c3kjoa2asdyyh" path="res://scenes/station/items/blue_tape.tscn" id="12_2l716"]
[ext_resource type="PackedScene" uid="uid://dejlrv7wgfecv" path="res://assets/models/items/blue_electrical_tape.glb" id="13_cy45d"]
[ext_resource type="PackedScene" uid="uid://c6j0c4ag070k5" path="res://assets/models/items/portable_yamaha_generator__light_duty.glb" id="14_jtquf"]
[ext_resource type="PackedScene" uid="uid://3di56riavh4m" path="res://scenes/station/items/toolbox.tscn" id="15_u0snc"]
[ext_resource type="PackedScene" uid="uid://c7ww45kbbvedo" path="res://assets/models/items/flashlight.glb" id="17_82woi"]
[ext_resource type="PackedScene" uid="uid://b4jrm4nkcgbh2" path="res://scenes/station/items/life_jackets.tscn" id="19_koefx"]
[ext_resource type="PackedScene" uid="uid://dkhpe8th3rq8c" path="res://assets/models/items/cable_drum.glb" id="20_x72s0"]
[ext_resource type="PackedScene" uid="uid://cxxxbwcj1v483" path="res://scenes/station/items/tool_set.tscn" id="21_rih0l"]
[ext_resource type="PackedScene" uid="uid://de4824fs0ga0" path="res://assets/models/items/apc_battery_backup_ups.glb" id="22_a5lwi"]
[ext_resource type="PackedScene" uid="uid://uhkppkk7xa8v" path="res://scenes/station/items/cardbox_2.tscn" id="23_2elk7"]
[ext_resource type="PackedScene" uid="uid://bm68uh0hdgple" path="res://scenes/station/items/clipboard.tscn" id="23_o6tya"]
[ext_resource type="PackedScene" uid="uid://ke46h88s1cv1" path="res://scenes/station/items/cardbox_3.tscn" id="24_1qno1"]
[ext_resource type="PackedScene" uid="uid://bwx4cmp7n3qhv" path="res://scenes/interactables/document_item.tscn" id="24_e14r2"]
[ext_resource type="Texture2D" uid="uid://ds1y1us8maqc2" path="res://assets/textures/documents/maintenance_log.png" id="25_8fstu"]
[ext_resource type="PackedScene" uid="uid://dny6hphe0bh4v" path="res://scenes/station/items/the_ball.tscn" id="25_takbt"]
[ext_resource type="PackedScene" uid="uid://dpn3r7hpau3iy" path="res://scenes/station/items/crate.tscn" id="26_12oxw"]
[ext_resource type="Texture2D" uid="uid://drw8m8b8ijnuk" path="res://assets/textures/documents/maintenance_log_ua.png" id="26_jhh3n"]
[ext_resource type="PackedScene" uid="uid://fsb7v5nb71ac" path="res://assets/models/items/pen_holder.glb" id="29_4aqui"]
[ext_resource type="PackedScene" uid="uid://dnsv21frw6rbx" path="res://scenes/station/items/spare_lever.tscn" id="30_e14r2"]
[ext_resource type="PackedScene" uid="uid://cdrqcmunpx0an" path="res://assets/models/items/wetroom/warning_tape.glb" id="31_8fstu"]

[node name="SystemsDetails" type="Node3D" unique_id=1373505699]

[node name="furniture" type="Node3D" parent="." unique_id=1581514516]

[node name="Sketchfab_Scene" parent="furniture" unique_id=1529204698 instance=ExtResource("1_aytlt")]
transform = Transform3D(1.8289006, 0, -1.0320467, 0, 2.0999992, 0, 1.0320467, 0, 1.8289006, -9.06756, 0.44115722, -25.66814)

[node name="aircompressor" parent="furniture" unique_id=1970164455 instance=ExtResource("2_takbt")]
transform = Transform3D(1, 0, 0, 0, -4.371139e-08, 1, 0, -1, -4.371139e-08, -13.101645, 0, -24.0975)

[node name="aircompressor2" parent="furniture" unique_id=711747324 instance=ExtResource("2_takbt")]
transform = Transform3D(1, 0, 0, 0, -4.371139e-08, 1, 0, -1, -4.371139e-08, -12.06405, 0, -25.29016)

[node name="server" parent="furniture" unique_id=87480987 instance=ExtResource("3_12oxw")]
transform = Transform3D(-1, 0, -8.742278e-08, 0, 1, 0, 8.742278e-08, 0, -1, -1.8043618, 0, -23.463177)

[node name="server2" parent="furniture" unique_id=1824602955 instance=ExtResource("3_12oxw")]
transform = Transform3D(-1, 0, -8.742278e-08, 0, 1, 0, 8.742278e-08, 0, -1, -1.8043618, 0, -24.818693)

[node name="server3" parent="furniture" unique_id=953001587 instance=ExtResource("3_12oxw")]
transform = Transform3D(-1, 0, -8.742278e-08, 0, 1, 0, 8.742278e-08, 0, -1, -1.8043618, 0, -26.197927)

[node name="rack" parent="furniture" unique_id=1216544187 instance=ExtResource("4_g42ju")]
transform = Transform3D(0.9238795, 0, 0.38268346, 0, 1, 0, -0.38268346, 0, 0.9238795, -8.214887, 0, -17.848898)

[node name="rack2" parent="furniture" unique_id=777463379 instance=ExtResource("4_g42ju")]
transform = Transform3D(0.9238795, 0, 0.38268346, 0, 1, 0, -0.38268346, 0, 0.9238795, -9.649445, 0, -21.305655)

[node name="desk" parent="furniture" unique_id=360776120 instance=ExtResource("5_bdlqg")]
transform = Transform3D(1, 0, 0, 0, 1, 0, 0, 0, 1, -1.990107, 0, -21.123518)

[node name="computer" parent="furniture" unique_id=1576113446 instance=ExtResource("6_o6tya")]
transform = Transform3D(-0.12251024, 0, -0.9924674, 0, 1, 0, 0.9924674, 0, -0.12251024, -1.2141373, 1.482, -21.757557)

[node name="chair" parent="furniture" unique_id=1222624819 instance=ExtResource("7_e14r2")]
transform = Transform3D(0.43810442, 0, 0.8989241, 0, 1, 0, -0.8989241, 0, 0.43810442, -2.8976655, 0, -21.3769)

[node name="powerbox" parent="furniture" unique_id=122672602 instance=ExtResource("8_8fstu")]
transform = Transform3D(-0.70710677, 0, 0.70710677, 0, 1, 0, 0.70710677, 0, 0.70710677, -15.020506, 0, -27.705622)

[node name="powerbox2" parent="furniture" unique_id=1686145014 instance=ExtResource("8_8fstu")]
transform = Transform3D(0.99999994, 0, 0, 0, 1, 0, 0, 0, 0.99999994, -7.2122483, 0, -29.715)

[node name="fire_extinguisher" parent="furniture" unique_id=1012721613 instance=ExtResource("9_jhh3n")]
transform = Transform3D(-4.371139e-08, 0, -1, 0, 1, 0, 1, 0, -4.371139e-08, -1.3612168, 0, -19.349377)

[node name="items" type="Node3D" parent="." unique_id=1720260792]

[node name="hivis" parent="items" unique_id=1140982357 instance=ExtResource("10_4aqui")]
transform = Transform3D(0.6901837, 1.46751375e-08, -2.4028416, 0, 2.5, 5.9604645e-08, 2.4028416, -4.5587853e-09, 0.69018364, -8.495909, 1.7204322, -19.743443)

[node name="Sketchfab_Scene4" parent="items" unique_id=1732861229 instance=ExtResource("11_f2eb2")]
transform = Transform3D(0.00035612143, 0.00068799744, -0.0006323268, -0.00088808034, 0.00045968842, 0, 0.0002906733, 0.00056155695, 0.0007747018, -8.472354, 1.5678514, -18.592337)

[node name="blue_tape" parent="items" unique_id=882091345 instance=ExtResource("12_2l716")]
transform = Transform3D(1, 0, 0, 0, 1, 0, 0, 0, 1, -7.541462, 1.5369556, -16.70746)

[node name="Sketchfab_Scene5" parent="items" unique_id=1436531133 instance=ExtResource("13_cy45d")]
transform = Transform3D(7.446034e-09, 0.1703454, -0.10479719, 0.2, -8.742278e-09, 1.3045122e-15, -4.5808295e-09, -0.10479719, -0.1703454, -7.9996967, 1.5651057, -17.025942)

[node name="Sketchfab_Scene6" parent="items" unique_id=1802231494 instance=ExtResource("13_cy45d")]
transform = Transform3D(7.446034e-09, 0.1703454, -0.10479719, 0.2, -8.742278e-09, 1.3045122e-15, -4.5808295e-09, -0.10479719, -0.1703454, -8.0208025, 1.6442811, -17.045864)

[node name="Sketchfab_Scene7" parent="items" unique_id=1671372730 instance=ExtResource("13_cy45d")]
transform = Transform3D(7.446034e-09, 0.1703454, -0.10479719, 0.2, -8.742278e-09, 1.3045122e-15, -4.5808295e-09, -0.10479719, -0.1703454, -8.012199, 1.7312431, -17.285185)

[node name="Sketchfab_Scene8" parent="items" unique_id=1672363532 instance=ExtResource("13_cy45d")]
transform = Transform3D(7.446034e-09, 0.1703454, -0.10479719, 0.2, -8.742278e-09, 1.3045122e-15, -4.5808295e-09, -0.10479719, -0.1703454, -8.033733, 1.5651057, -17.490503)

[node name="Sketchfab_Scene9" parent="items" unique_id=1006525 instance=ExtResource("13_cy45d")]
transform = Transform3D(7.446034e-09, 0.1703454, -0.10479719, 0.2, -8.742278e-09, 1.3045122e-15, -4.5808295e-09, -0.10479719, -0.1703454, -8.054838, 1.6442811, -17.510424)

[node name="Sketchfab_Scene" parent="items" unique_id=1074053080 instance=ExtResource("14_jtquf")]
transform = Transform3D(0.0007076496, 0, 0.00070656365, 0, 0.001, 0, -0.00070656365, 0, 0.0007076496, -8.518091, 0, -24.059576)

[node name="toolbox" parent="items" unique_id=143511273 instance=ExtResource("15_u0snc")]
transform = Transform3D(-0.37528616, 0, 0.926909, 0, 1, 0, -0.926909, 0, -0.37528616, -9.966957, 0.47816205, -22.45077)

[node name="toolbox3" parent="items" unique_id=996841347 instance=ExtResource("15_u0snc")]
transform = Transform3D(-0.6006714, 0, 0.799496, 0, 1, 0, -0.799496, 0, -0.6006714, -8.795449, 0.05780685, -22.26608)

[node name="toolbox2" parent="items" unique_id=1389178089 instance=ExtResource("15_u0snc")]
transform = Transform3D(0.5721602, 0, -0.8201419, 0, 1, 0, 0.8201419, 0, 0.5721602, -9.527533, 0.47816205, -21.532911)

[node name="flashlight" parent="items" unique_id=1633577545 instance=ExtResource("17_82woi")]
transform = Transform3D(-3.496911e-09, 1.20796635e-08, 0.08, 0, -0.08, 1.20796635e-08, 0.08, 5.280189e-16, 3.496911e-09, -8.84204, 2.2923295, -20.217125)

[node name="flashlight2" parent="items" unique_id=448277231 instance=ExtResource("17_82woi")]
transform = Transform3D(-3.496911e-09, 1.20796635e-08, 0.08, 0, -0.08, 1.20796635e-08, 0.08, 5.280189e-16, 3.496911e-09, -8.84204, 2.2923295, -19.848507)

[node name="flashlight3" parent="items" unique_id=1062530207 instance=ExtResource("17_82woi")]
transform = Transform3D(-3.496911e-09, 1.20796635e-08, 0.08, 0, -0.08, 1.20796635e-08, 0.08, 5.280189e-16, 3.496911e-09, -9.241045, 2.2923295, -20.642464)

[node name="flashlight5" parent="items" unique_id=1488394326 instance=ExtResource("17_82woi")]
transform = Transform3D(-0.0047849324, 0.05849567, 0.054363243, -2.5459148e-09, -0.054460745, 0.058600586, 0.07985678, 0.0035049962, 0.0032573882, -9.555494, 1.9181316, -24.503357)

[node name="flashlight4" parent="items" unique_id=341508740 instance=ExtResource("17_82woi")]
transform = Transform3D(-3.496911e-09, 1.20796635e-08, 0.08, 0, -0.08, 1.20796635e-08, 0.08, 5.280189e-16, 3.496911e-09, -9.241045, 2.2923295, -20.273846)

[node name="Node3D" parent="items" unique_id=1393197385 instance=ExtResource("19_koefx")]
transform = Transform3D(0.9233644, 0, 0.3839247, 0, 1, 0, -0.3839247, 0, 0.9233644, -8.328323, 0.54092705, -17.944561)

[node name="Sketchfab_Scene2" parent="items" unique_id=235438405 instance=ExtResource("20_x72s0")]
transform = Transform3D(1, 0, 0, 0, -4.371139e-08, -1, 0, 1, -4.371139e-08, -9.926853, 2.7866182, -22.483318)

[node name="Sketchfab_Scene3" parent="items" unique_id=1090374003 instance=ExtResource("20_x72s0")]
transform = Transform3D(1, 0, 0, 0, -4.371139e-08, -1, 0, 1, -4.371139e-08, -9.567139, 2.7866182, -21.544468)

[node name="Sketchfab_Scene10" parent="items" unique_id=496551742 instance=ExtResource("20_x72s0")]
transform = Transform3D(1, 0, 0, 0, -4.371139e-08, -1, 0, 1, -4.371139e-08, -9.193534, 2.7866182, -20.462)

[node name="tool_set" parent="items" unique_id=1759480058 instance=ExtResource("21_rih0l")]
transform = Transform3D(-0.25881904, 0, 0.9659258, 0, 1, 0, -0.9659258, 0, -0.25881904, -9.664328, 1.5103788, -22)

[node name="Sketchfab_Scene11" parent="items" unique_id=2102073956 instance=ExtResource("22_a5lwi")]
transform = Transform3D(-0.008237912, 0, 0.028846782, 0, 0.03, 0, -0.028846782, 0, -0.008237912, -8.8727865, 1.4659255, -19.183695)

[node name="Sketchfab_Scene12" parent="items" unique_id=1600881817 instance=ExtResource("22_a5lwi")]
transform = Transform3D(-0.008237912, 0, 0.028846782, 0, 0.03, 0, -0.028846782, 0, -0.008237912, -8.739748, 1.4659255, -18.819977)

[node name="cardbox_2" parent="items" unique_id=1669699599 instance=ExtResource("23_2elk7")]
transform = Transform3D(0.9366233, 0, 0.35033816, 0, 1, 0, -0.35033816, 0, 0.9366233, -8.101362, 2.9767153, -17.78249)

[node name="cardbox_4" parent="items" unique_id=592987333 instance=ExtResource("23_2elk7")]
transform = Transform3D(-0.934192, 0, -0.35677063, 0, 1, 0, 0.35677063, 0, -0.934192, -8.298562, 1.9784389, -17.78249)

[node name="cardbox_3" parent="items" unique_id=919754276 instance=ExtResource("24_1qno1")]
transform = Transform3D(-0.9434428, 0, -0.33153552, 0, 1, 0, 0.33153552, 0, -0.9434428, -9.7372, 0.020406246, -21.377794)

[node name="clipboard" parent="items" unique_id=1325148448 instance=ExtResource("23_o6tya")]
transform = Transform3D(0.37826088, 0, -0.92569906, 0, 1, 0, 0.92569906, 0, 0.37826088, -2.2351031, 1.5733995, -20.259554)

[node name="DocumentItem" parent="items/clipboard" unique_id=-1447463677 instance=ExtResource("24_e14r2")]
transform = Transform3D(0.998428, 0.056048065, 2.449938e-09, -1.5529403e-22, -4.371138e-08, 0.9999999, 0.056048065, -0.99842805, -4.3642668e-08, 0.013708115, 0.013254046, 0.030853271)
document_texture = ExtResource("25_8fstu")
document_texture_ua = ExtResource("26_jhh3n")

[node name="the_ball" parent="items" unique_id=1824952557 instance=ExtResource("25_takbt")]
transform = Transform3D(1, 0, 0, 0, 1, 0, 0, 0, 1, -2.2363496, 1.5640659, -21.179783)
ball_color = 6

[node name="crate" parent="items" unique_id=1676126179 instance=ExtResource("26_12oxw")]
transform = Transform3D(0.46239933, 0, 0.19022858, 0, 0.5, 0, -0.19022858, 0, 0.46239933, -9.145743, 0.45322037, -20.347778)

[node name="spare_lever" parent="items" unique_id=1405863011 instance=ExtResource("30_e14r2")]
transform = Transform3D(0.90604204, 0, -0.4231876, 0, 0.9999999, 0, 0.4231876, 0, 0.9060419, -1.9035525, 1.5742368, -20.139223)

[node name="warning_tape" parent="items" unique_id=2037887490 instance=ExtResource("31_8fstu")]
transform = Transform3D(3.5, 0, 0, 0, 3.5, 0, 0, 0, 3.5, -8.190846, 1.5444428, -18.03016)

[node name="Sketchfab_Scene13" parent="items" unique_id=1486896194 instance=ExtResource("29_4aqui")]
transform = Transform3D(0.002, 0, 0, 0, 0.002, 0, 0, 0, 0.002, -1.4055842, 1.5574393, -20.055515)
