[gd_scene format=3 uid="uid://cvmc4k2rg5tih"]

[ext_resource type="PackedScene" uid="uid://d3h1lk5hh0c60" path="res://scenes/station/interior/cabinet_low.tscn" id="1_rxik1"]
[ext_resource type="PackedScene" uid="uid://3qcq4vmexl3s" path="res://scenes/station/items/fire_extinguisher.tscn" id="2_1oya6"]
[ext_resource type="PackedScene" uid="uid://bp2qgp1sbmraf" path="res://scenes/station/items/clock.tscn" id="3_p0x1u"]
[ext_resource type="PackedScene" uid="uid://dugt2p5ch2d8" path="res://scenes/station/interior/frifge.tscn" id="4_52h8e"]
[ext_resource type="PackedScene" uid="uid://vwo7teuwrwl8" path="res://scenes/station/interior/cabinet_low_sink.tscn" id="5_rwlqj"]
[ext_resource type="PackedScene" uid="uid://6knufgyt8qas" path="res://scenes/station/interior/cabinet_hi_001.tscn" id="6_1oya6"]
[ext_resource type="PackedScene" uid="uid://wxpj00rcd3mq" path="res://scenes/station/interior/trash_bin.tscn" id="7_1g1ye"]
[ext_resource type="PackedScene" uid="uid://wo8dpvu58cav" path="res://scenes/station/items/aloe_plant.tscn" id="8_x8g26"]
[ext_resource type="PackedScene" uid="uid://br6ntmevwpsdb" path="res://scenes/station/items/fairy_lights.tscn" id="9_ic7gy"]
[ext_resource type="PackedScene" uid="uid://bvm2yhaf5t477" path="res://scenes/station/items/pothos_plant.tscn" id="10_wunaa"]
[ext_resource type="PackedScene" uid="uid://djbxa50jd4frh" path="res://assets/models/interior/kitchen/noodles pack.glb" id="11_x8g26"]
[ext_resource type="PackedScene" uid="uid://cofo0vasii446" path="res://scenes/station/items/mug.tscn" id="12_wunaa"]
[ext_resource type="Texture2D" uid="uid://bfgnuwfpokato" path="res://assets/models/interior/kitchen/mondays.png" id="13_2ag42"]
[ext_resource type="PackedScene" uid="uid://rhvqg2kqm3gg" path="res://scenes/station/items/banana.tscn" id="14_2ag42"]
[ext_resource type="PackedScene" uid="uid://dntmmnjb062jb" path="res://scenes/station/items/kettle.tscn" id="15_0bwtm"]
[ext_resource type="PackedScene" uid="uid://6s8bdeheoqgc" path="res://assets/models/interior/kitchen/dish_rack.glb" id="16_72xsu"]
[ext_resource type="PackedScene" uid="uid://b5t7caj035lsd" path="res://scenes/station/items/coffee_machine.tscn" id="17_5edgn"]
[ext_resource type="PackedScene" uid="uid://bwdnxj30053j8" path="res://assets/models/interior/kitchen/microwave.glb" id="18_0ol15"]
[ext_resource type="PackedScene" uid="uid://dcwkssdp31n5m" path="res://assets/models/items/lays_classic__hd_textures__free_download.glb" id="19_wcf1j"]
[ext_resource type="PackedScene" uid="uid://b8skt23qv2wvx" path="res://assets/models/items/paper_towel_roll.glb" id="20_4yc44"]
[ext_resource type="Texture2D" uid="uid://b3xg32i7g4il7" path="res://assets/models/items/wash_dishes.png" id="22_61snl"]
[ext_resource type="Texture2D" uid="uid://6oewt5aqxxfe" path="res://assets/models/items/keep_mugs.png" id="23_60dk0"]

[sub_resource type="StandardMaterial3D" id="StandardMaterial3D_doc_default"]
albedo_color = Color(0.9, 0.9, 0.9, 1)

[sub_resource type="QuadMesh" id="QuadMesh_5vpod"]
material = SubResource("StandardMaterial3D_doc_default")
size = Vector2(0.756, 1.069)

[sub_resource type="StandardMaterial3D" id="StandardMaterial3D_2uixk"]
albedo_texture = ExtResource("22_61snl")

[sub_resource type="StandardMaterial3D" id="StandardMaterial3D_d3chd"]
albedo_color = Color(0.9, 0.9, 0.9, 1)

[sub_resource type="QuadMesh" id="QuadMesh_b5kwh"]
material = SubResource("StandardMaterial3D_d3chd")
size = Vector2(0.756, 1.069)

[sub_resource type="StandardMaterial3D" id="StandardMaterial3D_go1bm"]
albedo_texture = ExtResource("23_60dk0")

[node name="kitchen" type="Node3D" unique_id=655617701]

[node name="cabinet_low" parent="." unique_id=2141955509 instance=ExtResource("1_rxik1")]
transform = Transform3D(-1.3, 0, -1.9629454e-07, 0, 1.3, 0, 1.9629454e-07, 0, -1.3, -21.055525, 0, -9.642885)

[node name="cabinet_low6" parent="." unique_id=47187400 instance=ExtResource("1_rxik1")]
transform = Transform3D(-0.22574264, 0, -1.28025, 0, 1.3, 0, 1.28025, 0, -0.22574264, -21.837399, 0, -10.759358)

[node name="cabinet_low7" parent="." unique_id=40017885 instance=ExtResource("1_rxik1")]
transform = Transform3D(-0.22574264, 0, -1.28025, 0, 1.3, 0, 1.28025, 0, -0.22574264, -23.651827, 0, -11.079431)

[node name="cabinet_low8" parent="." unique_id=1843379948 instance=ExtResource("1_rxik1")]
transform = Transform3D(-0.22574264, 0, -1.28025, 0, 1.3, 0, 1.28025, 0, -0.22574264, -25.444153, 0, -11.395614)

[node name="cabinet_low9" parent="." unique_id=1874590714 instance=ExtResource("1_rxik1")]
transform = Transform3D(-0.22574264, 0, -1.28025, 0, 1.3, 0, 1.28025, 0, -0.22574264, -27.26913, 0, -11.710873)

[node name="cabinet_low10" parent="." unique_id=2030362188 instance=ExtResource("1_rxik1")]
transform = Transform3D(-0.22574264, 0, -1.28025, 0, 1.3, 0, 1.28025, 0, -0.22574264, -29.061457, 0, -12.027056)

[node name="cabinet_low5" parent="." unique_id=1483866300 instance=ExtResource("1_rxik1")]
transform = Transform3D(-1.3, 0, -1.9629454e-07, 0, 1.3, 0, 1.9629454e-07, 0, -1.3, -21.055525, 0, -7.9360538)

[node name="cabinet_low2" parent="." unique_id=2140368801 instance=ExtResource("1_rxik1")]
transform = Transform3D(1.3, 0, 0, 0, 1.3, 0, 0, 0, 1.3, -30.461704, 0, -11.340873)

[node name="cabinet_low4" parent="." unique_id=1913652136 instance=ExtResource("1_rxik1")]
transform = Transform3D(1.3, 0, 0, 0, 1.3, 0, 0, 0, 1.45, -30.473217, 0, -9.400174)

[node name="cabinet_low3" parent="." unique_id=1197907115 instance=ExtResource("1_rxik1")]
transform = Transform3D(1.3, 0, 0, 0, 1.3, 0, 0, 0, 1.3, -30.473217, 0, -5.6113315)

[node name="cabinet_low_sink" parent="." unique_id=298210515 instance=ExtResource("5_rwlqj")]
transform = Transform3D(1.3, 0, 0, 0, 1.3, 0, 0, 0, 1.3, -30.468794, 0, -7.41705)

[node name="fire_extinguisher" parent="." unique_id=1012721613 instance=ExtResource("2_1oya6")]
transform = Transform3D(-1, 0, -8.742278e-08, 0, 1, 0, 8.742278e-08, 0, -1, -27.5942, 0, -4.92505)

[node name="clock" parent="." unique_id=605620393 instance=ExtResource("3_p0x1u")]
transform = Transform3D(-4.371139e-08, 0, 1, 0, 1, 0, -1, 0, -4.371139e-08, -25.779, 5.5, -4.6650796)

[node name="frifge" parent="." unique_id=1036343478 instance=ExtResource("4_52h8e")]
transform = Transform3D(-1, 0, -8.742278e-08, 0, 1, 0, 8.742278e-08, 0, -1, -21.371027, 0, -6.0543804)

[node name="cabinet_hi_001" parent="." unique_id=1941764970 instance=ExtResource("6_1oya6")]
transform = Transform3D(-1.3, 0, -1.13649605e-07, 0, 1.3, 0, 1.13649605e-07, 0, -1.3, -20.992378, 3.3928332, -8.931236)

[node name="cabinet_hi_005" parent="." unique_id=222106770 instance=ExtResource("6_1oya6")]
transform = Transform3D(1.3, 0, 0, 0, 1.3, 0, 0, 0, 1.3, -30.519499, 3.3928332, -10.263285)

[node name="cabinet_hi_006" parent="." unique_id=1513082404 instance=ExtResource("6_1oya6")]
transform = Transform3D(1.3, 0, 0, 0, 1.3, 0, 0, 0, 1.3, -30.519499, 3.3928332, -6.5467505)

[node name="cabinet_hi_002" parent="." unique_id=1457275779 instance=ExtResource("6_1oya6")]
transform = Transform3D(-0.22574264, 0, -1.28025, 0, 1.3, 0, 1.28025, 0, -0.22574264, -22.80785, 3.3928332, -10.99427)

[node name="cabinet_hi_003" parent="." unique_id=58609280 instance=ExtResource("6_1oya6")]
transform = Transform3D(-0.22574264, 0, -1.28025, 0, 1.3, 0, 1.28025, 0, -0.22574264, -26.49695, 3.3928332, -11.642958)

[node name="cabinet_hi_004" parent="." unique_id=643848694 instance=ExtResource("6_1oya6")]
transform = Transform3D(-0.22574264, 0, -1.28025, 0, 1.3, 0, 1.28025, 0, -0.22574264, -30.174093, 3.3928332, -12.286297)

[node name="trash_bin" parent="." unique_id=188497815 instance=ExtResource("7_1g1ye")]
transform = Transform3D(-1, 0, -8.742278e-08, 0, 1, 0, 8.742278e-08, 0, -1, -28.851173, 0, -4.7988214)

[node name="Node3D" parent="." unique_id=1667817107 instance=ExtResource("8_x8g26")]
transform = Transform3D(1, 0, 0, 0, 1, 0, 0, 0, 1, -29.61065, 1.7613952, -5.207574)

[node name="fairy_lights" parent="." unique_id=486168498 instance=ExtResource("9_ic7gy")]
transform = Transform3D(0.98480767, 0, -0.17364816, 0, 1, 0, 0.17364816, 0, 0.98480767, -24.890347, 3.4533925, -10.514729)

[node name="fairy_lights2" parent="." unique_id=1990387845 instance=ExtResource("9_ic7gy")]
transform = Transform3D(0.98480767, 0, -0.17364816, 0, 1, 0, 0.17364816, 0, 0.98480767, -28.32214, 3.4533925, -11.154112)

[node name="pothos" parent="." unique_id=598657276 instance=ExtResource("10_wunaa")]
transform = Transform3D(0.15174392, 0, -0.98841983, 0, 1, 0, 0.98841983, 0, 0.15174392, -21.735996, 1.7347195, -10.227603)

[node name="noodles pack" parent="." unique_id=1047820714 instance=ExtResource("11_x8g26")]
transform = Transform3D(0.8809441, 0, -1.7955327, 0, 2, 0, 1.7955327, 0, 0.8809441, -21.589214, 1.7583888, -8.479774)

[node name="mug" parent="." unique_id=36977870 instance=ExtResource("12_wunaa")]
transform = Transform3D(0.9914061, 0, 0.13082035, 0, 1, 0, -0.13082035, 0, 0.9914061, -30.098969, 1.7693241, -6.3905373)

[node name="mug2" parent="." unique_id=2129939341 instance=ExtResource("12_wunaa")]
transform = Transform3D(0.9652963, 0.004434149, -0.26111907, -0.003601299, 0.99998677, 0.0036679208, 0.2611319, -0.0026002543, 0.9652996, -30.05722, 2.1613436, -6.8476787)
front_decal_texture = ExtResource("13_2ag42")
back_decal_texture = ExtResource("13_2ag42")

[node name="mug3" parent="." unique_id=504639743 instance=ExtResource("12_wunaa")]
transform = Transform3D(0.96953946, 0, -0.24493513, 0, 1, 0, 0.24493513, 0, 0.96953946, -29.62172, 1.7693241, -6.059309)

[node name="mug4" parent="." unique_id=1828983511 instance=ExtResource("12_wunaa")]
transform = Transform3D(0.6530242, 0, 0.7573371, 0, 1, 0, -0.7573371, 0, 0.6530242, -30.03221, 2.1633625, -6.549755)

[node name="banana" parent="." unique_id=780810191 instance=ExtResource("14_2ag42")]
transform = Transform3D(0.83522236, 0, 0.54991233, 0, 1, 0, -0.54991233, 0, 0.83522236, -21.826836, 1.7660558, -8.832468)

[node name="kettle" parent="." unique_id=2034413773 instance=ExtResource("15_0bwtm")]
transform = Transform3D(-0.3879982, 0, -0.92166024, 0, 1, 0, 0.92166024, 0, -0.3879982, -24.818747, 1.7445254, -11.024148)

[node name="Sketchfab_Scene" parent="." unique_id=936663350 instance=ExtResource("16_72xsu")]
transform = Transform3D(-8.742278e-08, 0, 2, 0, 2, 0, -2, 0, -8.742278e-08, -30.00437, 1.7634162, -6.666428)

[node name="Node3D2" parent="." unique_id=1336731793 instance=ExtResource("17_5edgn")]
transform = Transform3D(0.63143414, 0, -0.77542967, 0, 1, 0, 0.77542967, 0, 0.63143414, -23.565113, 1.7706162, -10.741203)

[node name="Sketchfab_Scene2" parent="." unique_id=661158621 instance=ExtResource("18_0ol15")]
transform = Transform3D(0.3095378, 0, 0.16335958, 0, 0.35, 0, -0.16335958, 0, 0.3095378, -29.561726, 2.1346734, -11.429094)

[node name="Sketchfab_Scene3" parent="." unique_id=126340713 instance=ExtResource("19_wcf1j")]
transform = Transform3D(0.058191266, 0, 0.99830544, 0, 1, 0, -0.99830544, 0, 0.058191266, -28.871992, 1.9889898, -11.703361)

[node name="Sketchfab_Scene4" parent="." unique_id=116471279 instance=ExtResource("19_wcf1j")]
transform = Transform3D(0.12547174, 0, 0.9920973, 0, 1, 0, -0.9920973, 0, 0.12547174, -28.7135, 1.9889898, -11.703361)

[node name="Sketchfab_Scene5" parent="." unique_id=104074097 instance=ExtResource("19_wcf1j")]
transform = Transform3D(0.014388674, -0.11554395, 0.9931983, 0.0016737343, 0.99330235, 0.11553184, -0.9998952, 0, 0.0144856945, -28.536518, 1.9889898, -11.703361)

[node name="Sketchfab_Scene6" parent="." unique_id=1367714431 instance=ExtResource("19_wcf1j")]
transform = Transform3D(0.009259411, -0.7690316, 0.6391438, 0.011139955, 0.6392109, 0.76895094, -0.9998951, -5.18557e-10, 0.014485694, -28.305065, 1.916147, -11.703361)

[node name="Sketchfab_Scene7" parent="." unique_id=1057531846 instance=ExtResource("19_wcf1j")]
transform = Transform3D(0.99964887, -0.022396788, 0.014169935, 0.008921673, 0.7878281, 0.6158308, -0.024956102, -0.61548793, 0.7877512, -27.923304, 1.9507494, -11.74128)

[node name="Sketchfab_Scene8" parent="." unique_id=831270909 instance=ExtResource("20_4yc44")]
transform = Transform3D(0.018, 0, 0, 0, 0.018, 0, 0, 0, 0.018, -30.205637, 1.7568555, -8.968918)

[node name="DocumentMesh" type="MeshInstance3D" parent="." unique_id=1584871414]
transform = Transform3D(0.014080472, 0.006446012, 0.9998801, 0.0033231366, 0.999973, -0.006493399, -0.99989545, 0.0034141492, 0.014058508, -30.492338, 2.7651086, -8.040696)
mesh = SubResource("QuadMesh_5vpod")
surface_material_override/0 = SubResource("StandardMaterial3D_2uixk")

[node name="DocumentMesh2" type="MeshInstance3D" parent="." unique_id=522662231]
transform = Transform3D(-4.371138e-08, 0, -0.9999999, -0.13872372, 0.99033123, 6.0638063e-09, 0.9903311, 0.13872373, -4.3288747e-08, -22.946095, 2.8791127, -6.563135)
mesh = SubResource("QuadMesh_b5kwh")
surface_material_override/0 = SubResource("StandardMaterial3D_go1bm")
