[gd_scene format=3 uid="uid://b8x8e0udad08i"]

[ext_resource type="PackedScene" uid="uid://8vcajaaad64" path="res://scenes/station/interior/rack.tscn" id="1_34kjl"]
[ext_resource type="PackedScene" uid="uid://b18qdk7b4q77l" path="res://scenes/station/interior/desk.tscn" id="2_1rmt7"]
[ext_resource type="PackedScene" uid="uid://qs8sh7iux1qk" path="res://scenes/station/interior/chair.tscn" id="3_aja54"]
[ext_resource type="PackedScene" uid="uid://3qcq4vmexl3s" path="res://scenes/station/items/fire_extinguisher.tscn" id="4_n2xq5"]
[ext_resource type="PackedScene" uid="uid://bp2qgp1sbmraf" path="res://scenes/station/items/clock.tscn" id="5_vnw51"]
[ext_resource type="PackedScene" uid="uid://b21bahphpnv3o" path="res://scenes/station/items/computer.tscn" id="6_jnd4m"]
[ext_resource type="PackedScene" uid="uid://bu4rpvaec4jla" path="res://scenes/station/items/cactus_plant.tscn" id="7_37rp2"]

[node name="EnergyLabDetails" type="Node3D" unique_id=383683231]

[node name="furniture" type="Node3D" parent="." unique_id=664983933]

[node name="rack" parent="furniture" unique_id=1216544187 instance=ExtResource("1_34kjl")]
transform = Transform3D(-4.371139e-08, 0, 1, 0, 1, 0, -1, 0, -4.371139e-08, 19.417341, 0, 18.1913)

[node name="rack2" parent="furniture" unique_id=574527326 instance=ExtResource("1_34kjl")]
transform = Transform3D(0.70710677, 0, -0.70710677, 0, 1, 0, 0.70710677, 0, 0.70710677, 23.372719, 0, 17.043167)

[node name="desk" parent="furniture" unique_id=360776120 instance=ExtResource("2_1rmt7")]
transform = Transform3D(0.38730642, 0, 0.92195106, 0, 1, 0, -0.92195106, 0, 0.38730642, 9.803185, 0, 8.173948)

[node name="desk5" parent="furniture" unique_id=635196122 instance=ExtResource("2_1rmt7")]
transform = Transform3D(-1, 0, -8.742278e-08, 0, 1, 0, 8.742278e-08, 0, -1, 8.758522, 0, 17.18509)

[node name="desk6" parent="furniture" unique_id=699744712 instance=ExtResource("2_1rmt7")]
transform = Transform3D(-1, 0, -8.742278e-08, 0, 1, 0, 8.742278e-08, 0, -1, 8.758522, 0, 14.306259)

[node name="desk7" parent="furniture" unique_id=557889977 instance=ExtResource("2_1rmt7")]
transform = Transform3D(-4.371139e-08, 0, -1, 0, 1, 0, 1, 0, -4.371139e-08, 10.957571, 0, 17.71907)

[node name="desk2" parent="furniture" unique_id=1817294189 instance=ExtResource("2_1rmt7")]
transform = Transform3D(0.38730642, 0, 0.92195106, 0, 1, 0, -0.92195106, 0, 0.38730642, 12.495581, 0, 9.314794)

[node name="desk3" parent="furniture" unique_id=398831455 instance=ExtResource("2_1rmt7")]
transform = Transform3D(0.38730642, 0, 0.92195106, 0, 1, 0, -0.92195106, 0, 0.38730642, 23.966309, 0, 13.981702)

[node name="desk4" parent="furniture" unique_id=1613225681 instance=ExtResource("2_1rmt7")]
transform = Transform3D(0.38730642, 0, 0.92195106, 0, 1, 0, -0.92195106, 0, 0.38730642, 21.191238, 0, 12.868537)

[node name="chair" parent="furniture" unique_id=1222624819 instance=ExtResource("3_aja54")]
transform = Transform3D(-1, 0, -8.742278e-08, 0, 1, 0, 8.742278e-08, 0, -1, 23.170559, 0, 14.849669)

[node name="chair2" parent="furniture" unique_id=313611993 instance=ExtResource("3_aja54")]
transform = Transform3D(-0.9411996, 0, 0.33785093, 0, 1, 0, -0.33785093, 0, -0.9411996, 21.05269, 0, 13.770513)

[node name="chair3" parent="furniture" unique_id=1163831718 instance=ExtResource("3_aja54")]
transform = Transform3D(-0.92061406, 0, 0.39047405, 0, 1, 0, -0.39047405, 0, -0.92061406, 9.589621, 0, 9.070859)

[node name="chair4" parent="furniture" unique_id=1526432317 instance=ExtResource("3_aja54")]
transform = Transform3D(-0.96974015, 0, 0.24413969, 0, 1, 0, -0.24413969, 0, -0.96974015, 11.871761, 0, 9.992151)

[node name="items" type="Node3D" parent="." unique_id=1209613602]

[node name="fire_extinguisher" parent="items" unique_id=1012721613 instance=ExtResource("4_n2xq5")]
transform = Transform3D(-4.371139e-08, 0, 1, 0, 1, 0, -1, 0, -4.371139e-08, 7.9773903, 0, 11.893904)

[node name="clock" parent="items" unique_id=605620393 instance=ExtResource("5_vnw51")]
transform = Transform3D(-0.37609494, 0, -0.92658114, 0, 1, 0, 0.92658114, 0, -0.37609494, 17.298529, 5.5, 10.169195)

[node name="clock2" parent="items" unique_id=1719567000 instance=ExtResource("5_vnw51")]
transform = Transform3D(-4.3711385e-08, 0, -0.99999994, 0, 1, 0, 0.99999994, 0, -4.3711385e-08, 14.779568, 5.5, 19.400358)

[node name="computer" parent="items" unique_id=1576113446 instance=ExtResource("6_jnd4m")]
transform = Transform3D(1, 0, 0, 0, 1, 0, 0, 0, 1, 9.26, 1.482, 7.350039)

[node name="computer2" parent="items" unique_id=1469008235 instance=ExtResource("6_jnd4m")]
transform = Transform3D(0.9224101, 0, -0.38621196, 0, 1, 0, 0.38621196, 0, 0.9224101, 12.392862, 1.482, 8.588694)

[node name="computer3" parent="items" unique_id=1572534319 instance=ExtResource("6_jnd4m")]
transform = Transform3D(0.76182103, 0, -0.6477876, 0, 1, 0, 0.6477876, 0, 0.76182103, 24.209, 1.482, 13.531)

[node name="cactus" parent="items" unique_id=589026095 instance=ExtResource("7_37rp2")]
transform = Transform3D(1, 0, 0, 0, 1, 0, 0, 0, 1, 9.235491, 1.5508132, 16.130327)
